{
  "camera_angle_x": "1.745329",
  "camera_angle_y": "0.8726646",
  "w": "100",
  "h": "50",
  "frames": [
    {
      "file_path": "capture-1.png",
      "transform_matrix": [
        [
          0.0,
          -1.000000082740371e-10,
          -1.0,
          -7.5
        ],
        [
          -1.0,
          0.0,
          0.0,
          0.02
        ],
        [
          0.0,
          1.0,
          -1.000000082740371e-10,
          -7.500000620552782e-10
        ],
        [
          0.0,
          0.0,
          0.0,
          1.0
        ]
      ]
    },
    {
      "file_path": "capture-2.png",
      "transform_matrix": [
        [
          0.12403473338682645,
          -1.000000082740371e-10,
          -0.9922778856590281,
          -8.06225781865905
        ],
        [
          -0.9922778856590279,
          0.0,
          -0.12403473338682645,
          1.8564416322641193e-08
        ],
        [
          1.2403474364950632e-11,
          1.0,
          -9.922779677604685e-11,
          -8.062258485733253e-10
        ],
        [
          0.0,
          0.0,
          0.0,
          1.0
        ]
      ]
    },
    {
      "file_path": "capture-3.png",
      "transform_matrix": [
        [
          -0.24253561703549764,
          -1.000000082740371e-10,
          -0.97014230951293,
          -8.246209710174435
        ],
        [
          -0.9701423095129301,
          0.0,
          0.24253561703549764,
          3.1725812070787897e-07
        ],
        [
          -2.4253563710298456e-11,
          1.0,
          -9.701423897828646e-11,
          -8.246210392468886e-10
        ],
        [
          0.0,
          0.0,
          0.0,
          1.0
        ]
      ]
    },
    {
      "file_path": "capture-4.png",
      "transform_matrix": [
        [
          -0.4856430020871491,
          -1.101836310754399e-10,
          -0.8741573640982643,
          -10.295631287430307
        ],
        [
          -0.874157364386519,
          -6.4052234861508605e-19,
          0.4856430020923465,
          1.96898523794994e-07
        ],
        [
          2.7420502556116087e-09,
          1.0000000002681977,
          1.0692097332406273e-08,
          1.000000110207325
        ],
        [
          0.0,
          0.0,
          0.0,
          1.0
        ]
      ]
    },
    {
      "file_path": "capture-5.png",
      "transform_matrix": [
        [
          -0.5812381674016498,
          -1.122981674863803e-10,
          -0.8137334041259228,
          -8.602324666002007
        ],
        [
          -0.8137334038780916,
          -1.5940141210826173e-18,
          0.5812381674092373,
          1.5247420391004983e-07
        ],
        [
          -2.6585160518814157e-09,
          0.9999999997284917,
          -8.183504744197195e-09,
          0.999999929151378
        ],
        [
          0.0,
          0.0,
          0.0,
          1.0
        ]
      ]
    },
    {
      "file_path": "capture-6.png",
      "transform_matrix": [
        [
          0.24253549175952138,
          -1.128593883683334e-10,
          -0.9701422549788046,
          -8.246209023462338
        ],
        [
          -0.9701422539912071,
          5.426889010590449e-19,
          -0.2425354917628407,
          5.738796886687809e-07
        ],
        [
          4.045538403777041e-09,
          0.9999999989854385,
          -3.274947889768049e-08,
          0.9999997288985304
        ],
        [
          0.0,
          0.0,
          0.0,
          1.0
        ]
      ]
    },
    {
      "file_path": "capture-7.png",
      "transform_matrix": [
        [
          -0.49613867902933745,
          -1.1316982264989179e-10,
          -0.8682429604631078,
          -8.062255439472274
        ],
        [
          -0.8682429593054748,
          -1.5201076569579846e-18,
          0.4961386790363015,
          -1.0839677884016052e-06
        ],
        [
          -9.450570009709602e-09,
          0.9999999988161428,
          -3.547355918737769e-08,
          0.9999997126989482
        ],
        [
          0.0,
          0.0,
          0.0,
          1.0
        ]
      ]
    },
    {
      "file_path": "capture-8.png",
      "transform_matrix": [
        [
          -0.27472105756314397,
          -1.1467502310346617e-10,
          -0.9615236945341274,
          -7.280107976979855
        ],
        [
          -0.9615236932978324,
          -7.204348253920275e-19,
          0.27472105756747134,
          1.637663454351103e-08
        ],
        [
          -5.0607712043023554e-09,
          0.9999999987328071,
          -3.6019501160646235e-08,
          0.9999997364747567
        ],
        [
          0.0,
          0.0,
          0.0,
          1.0
        ]
      ]
    },
    {
      "file_path": "capture-9.png",
      "transform_matrix": [
        [
          -0.31622776491715954,
          -1.170537848117302e-10,
          -0.9486833380533266,
          -6.324555558271332
        ],
        [
          -0.9486833383091974,
          7.888708496497543e-20,
          0.3162277649230123,
          -8.708032098984371e-08
        ],
        [
          9.221563763873052e-10,
          1.0000000002198046,
          5.799637731705382e-09,
          1.000000036861944
        ],
        [
          0.0,
          0.0,
          0.0,
          1.0
        ]
      ]
    },
    {
      "file_path": "capture-10.png",
      "transform_matrix": [
        [
          -0.21693041667116378,
          -1.000000082740371e-10,
          -0.9761868084174712,
          -9.219542109099569
        ],
        [
          -0.9761868084174712,
          0.0,
          0.21693041667116378,
          1.3320553187352536e-07
        ],
        [
          -2.1693043462006694e-11,
          1.0,
          -9.761868891875298e-11,
          -9.219542871927903e-10
        ],
        [
          0.0,
          0.0,
          0.0,
          1.0
        ]
      ]
    }
  ]
}